0.09262204043358224
0.15890886527806547
0.055959351432273374
0.1459072419696108
0.08288440273817343
0.2676089201973042
0.3333456412487159
0.459596193230837
0.02368080172635545
0.019472547407136886
0.010347972016134577
0.2167742702527562
0.01284208782330648
0.005209382788342376
0.0012580472684449312
0.021834331014417785
0.08142245956301863
0.05675200878949571
0.16176856661287786
0.013931700991123341
0.02076388539098062
0.0064297459204090135
0.020850981462899654
0.011051706350428958
0.008499053324088957
0.14967210697535904
0.04309025451222781
0.01825903041181598
0.18921268646484268
0.014367789753212179
0.018562459747816007
0.059002183089550186
0.009013252617522893
0.03088676958340386
0.33612893188637827
0.007654789495090741
0.03574561720465774
0.004498868615759266
0.0003478712389757277
0.0037560247744512637
0.08193162098137918
0.15537613364257652
0.041383339279165376
0.02809478702932111
0.10727232614193838
0.005929811167803223
0.3363444623983156
0.021277974338218764
0.015702746423219338
0.11120801626948751
0.03453779449137073
0.06818427254231896
0.06717322677198823
0.02232897955423141
0.01381107229223405
0.04790290238165107
0.12801602516043786
0.05847003376818116
0.023930631927321366
0.010216574549261337
0.0099128686315888
0.010602312334996533
0.15765222341821072
0.002014789823906682
0.00872448444377838
0.001977257296463586
0.012159770531422476
0.5609956620333811
0.0027114733725852602
0.039084898702132165
0.09347829542253194
0.13384465359810438
0.040813448876875214
0.005240318216289064
0.00623052208357322
0.029643980944715764
0.11026468101616249
0.0024366784006777525
0.027437422971383407
0.12221767141449291
0.11470656424015235
0.009561229362034851
0.003054829870623943
0.011402374152456929
0.0697753293615655
0.04147977342385567
0.338545425211799
0.01142900684966719
0.017397066901168268
0.012467572068266597
0.017992616079155255
0.0013122837163427464
0.07834296701443666
0.01571381757094059
0.07055489906253243
0.016316090351907953
0.07212213240654819
0.03378834954789056
0.04640943278120724
0.10661809084035667
0.26186468040183186
0.2971122780532056
0.12145292401788765
0.024597929155598885
0.2595491901634981
0.00805049320570106
0.006893028310116733
0.0004353872781560769
0.04213207485742032
0.04561146968730245
0.1482070021370987
0.07939792191155348
0.004114343825961875
0.7051991942880174
0.010474704341451258
0.0017697521161643692
0.018039674350379897
0.09136880754931909
0.13692951299447387
0.0007454104285820051
0.022199207227899587
0.0006479903036371581
0.03180901008512649
0.09155555753759259
0.266263353440511
0.28416394052989435
0.03666970205524778
0.008963367759861285
0.13170284791144216
0.09600342569743603
0.04452991532989259
0.006399186732380713
0.0012477389066056915
0.10725948106099636
0.0958894925467968
0.13600415220720663
0.22978313744266643
0.024512616525786735
0.006035308593112854
0.05001654022294133
0.03063787714872035
0.2511539034451893
0.05851683411393438
0.008028752242367432
0.005473539222666801
0.1296058039361334
0.02624597483392166
0.023866274270631038
0.02912386554180557
0.005578085143407796
0.04531591519526068
0.11280927598435042
0.05213650162028216
0.011586157490089732
0.03282668927426258
0.11662913969463862
0.007326761125060699
0.07362108424975222
0.0031969452936182613
0.20000644601623208
0.06498253798116949
0.0018336065640802701
0.03613583424802358
0.023801437735503583
0.013173301084723477
0.16496357067632417
0.044003487901150606
0.00011404066429113527
0.11957055836372721
0.014699496499766873
0.014838203489237145
0.04827360700412342
0.008394710107243242
0.05320689138710666
0.026546028490997964
0.057457399426682265
0.008530188816609163
0.0005018197136905655
0.02823394860755357
0.142932032511788
0.03854929988445921
0.003629945687041669
0.017738029681879652
0.009958765187011664
0.13558704491018503
0.005311276098849904
0.06575886688756327
0.001622552177425407
0.03484266457181562
0.01987885771228548
0.09507775397708329
0.04469360884417051
0.0014301977216746309
0.025249884875196082
0.4457273721220787
0.0048283724845977205
0.09972166619252576
0.4938536214283653
0.3092144745688188
0.006532221923721215
0.017397896323561923
0.002855111079188788
0.012041236537815081
0.021045370181661305
0.03004676342246526
0.009868764077876124
0.021608079977053274
0.0276504958112902
0.1308349088980698
0.01427666837628122
0.09965011628816
0.2674061323298851
0.19941809195876203
0.010602932215707739
0.01034222936974466
0.013131919184873608
0.23266855846471035
0.02771767585932139
0.043398615900447135
0.000833501934459413
0.021337255632865926
0.007983000450094091
0.015312993282861953
0.0005022951658162356
0.0034776441859998286
0.004573036978519129
0.09942479479676436
0.004272663298397816
0.09789197944206762
0.12969791868841085
0.057323476067328016
0.08682867928033389
0.06280728107698508
0.15783514585938097
0.089127659621969
0.0569142678232879
0.13770311731687546
0.03784681808017254
0.008476800913605198
0.024497085865044177
0.3424436366601782
0.02696871423065539
0.024850931859870196
0.03778904746411982
0.011560726456139037
0.4696116127327423
0.03827738176914175
0.10919861957066601
0.08200011836581567
0.1654359809472261
0.134337032375754
0.002353001813393263
0.0028111642970185674
0.0059902477538322785
0.013503915302099045
0.05889852864883616
0.09028150124699152
0.059316545687412514
0.16727108578494665
0.01820612492764795
0.02678550924044032
0.10056223125056718
0.06720205622742981
0.0248482963005614
0.11239553335150276
0.0176124608670456
0.06914612092033678
0.02539096230604887
0.04617804649726409
0.10770096820353903
0.001961277313004217
0.001573663519490745
0.10953209887772175
0.006167109304346108
0.33186860637579585
0.25711128555002816
0.07693825333370174
0.01578788969078815
0.3491267498781703
0.00828161123354576
0.01615827532447356
0.14352929693637861
0.009281074154618096
0.03476624366259373
0.19798900211152048
0.010854262738021703
0.10903110618787437
0.1685619215358578
0.0034155806109440606
0.11983276669983312
0.0005659074705732792
0.001413875379999499
0.09337987715413476
0.01488325316984529
0.10029215837745653
0.036217147964809016
0.022590536770082714
0.15402353267349156
0.059099023943431916
0.04360817608598211
0.059811606835413755
0.1788049309428965
0.0065047352507896505
0.1367312123170592
0.011131730463617373
0.12590614551124535
0.045934290465798
0.003536698814735187
0.03343078876384098
0.030888298995709107
0.36303942320433524
0.1691014342910302
0.017358247703569418
0.21953220122583517
0.17603780865460195
0.07300695247955957
0.11548567204977189
0.00950840256775387
0.043129293495439924
0.01196069862491106
0.044678816569115876
0.010153198795762819
0.0010309809297563005
0.0019090559890844738
0.0516955353057027
0.00774430676382587
0.018148409799323417
0.02224392645804074
0.006791318499571597
0.07580106599790781
0.015848701467010784
0.5029073562218969
0.016193962118112637
0.04160678216866032
0.002041951847367454
0.0385994156837377
0.03903349120423982
0.12350890929954872
0.02611839168625707
0.08542872407818791
0.0016735517461443639
0.1209371985083898
0.008017679299317848
0.043347795429588
0.153234609616967
0.07627053581222754
0.00032298822931409177
0.01180675867841785
0.021763906297023405
0.17371823386571705
0.1664139496626582
0.010479778878060009
0.09344586012989353
0.10023450000560619
0.011253332202215915
0.5872084851683221
0.12596370033566373
0.2589629990444706
0.0191206260363721
0.008714087698113104
0.00109614901857015
0.017299196679974926
0.0027218862498728513
0.031336512445856224
0.05455884751352702
0.050138352424294874
0.03217607232395281
0.001132217931827606
0.1317716652823755
0.28289489852628336
0.07644551864564164
0.03035952326634206
0.08942209924860922
0.0072474376088962345
0.18315147784207753
0.029673543984731765
0.11599673697703228
0.009997608804614089
0.014986659570897842
0.20562627608173045
0.3089286371605091
0.020452057685466096
0.012657302118350922
0.020674983215386078
0.05319862869333747
0.029749921682210356
0.06169736462604547
0.14209514134950396
0.029856586937970775
0.005494302351994662
0.01017282369506134
0.02289501276539241
0.07470262738047495
0.12736887165192812
0.016384951429827765
0.004716404552035591
0.04047198787849404
0.03856415211899744
0.006084801095628478
0.06202770182529016
0.028881019943938213
0.00757002894178882
0.017481111782874592
0.03224956619760633
0.024734194859522773
0.21510989922706258
0.011935650761201233
0.035424399132480744
0.06841529811369185
0.0037506098517638975
0.03304688686472801
0.08512951334695629
0.1052069820489443
0.025163065150138664
0.026544163943356347
0.0007556684182077333
0.03060337448550854
0.12518103979232453
0.12184267483839051
0.04429089323940705
0.06590121393914217
0.06026982482603671
0.10942749432230414
0.03939065889524418
0.0005013622535947372
0.13262761407773738
0.048782478757223524
0.027718861712877407
0.07716940902628622
0.029290924558381448
0.2145384783185058
0.13316947045913796
0.08249515790484807
0.02344334210851451
0.08410820590007972
0.15371771283811597
0.07532054729553295
0.09205644874763497
0.08715292309071643
0.007836347995691995
0.4089443452316779
0.11445182332597259
0.03945351191791602
0.02288309141482614
0.12032936564875829
0.08564732760450866
0.4125591032744893
0.13601175789262143
0.009529422045918778
0.0384737254194647
0.015971617278546013
0.008604835800281097
0.05348861140073802
0.06383456382900476
0.3442120902241754
0.027477576575677176
0.015544830543579025
0.045334975115258525
0.21159065819560752
0.007711649853320068
0.04877943775142968
0.007256195881494287
0.1295745842044136
0.10280654896183705
0.07118436367642289
0.022555817369621423
0.09645813166216399
0.0033302999893295576
0.0009151390082138278
0.03472860616813378
0.005459472342014493
0.1935477067024891
0.07126440883644136
0.08142786818395109
0.007570080801443169
0.04345526849163783
0.035990287842055046
0.03283753261783673
0.0232677782692301
0.0238500384590703
0.11573083347784152
0.02824600837044855
0.09178474862148178
0.008145819721326275
0.0016560742679736506
0.004490517886183376
0.0699373720717631
0.0783632050780767
0.18856169741028683
0.1652387704987115
0.009248378134999236
0.3702706587894369
0.4261733571287971
0.012381116371693646
0.06316779664354044
0.008174787511599446
0.006921287921990926
0.013726694281590568
0.03459772560745478
0.015796728320172093
0.003754895639594358
0.171026773584245
0.0027356491473398137
0.00830312137786482
0.00901010945330688
0.01364306389122305
0.03297647257240044
0.07322374227285966
0.058767804551438596
0.030404691032279496
0.1268257777497297
0.18583393500506507
0.014009283103266768
0.11305184198262452
0.010866807128145917
0.10224956090956994
0.10986934647247981
0.10028196551138535
0.04033646470942642
0.025183983972411284
0.090395261345666
0.2824497813108451
0.08981204676936105
0.17529579755036195
0.021487840104331468
0.007484149425099285
0.2613210024321688
0.04058484230781567
0.016757462816631374
0.051248412880600114
0.005347271770613171
0.0592355628787955
0.06188995228717431
0.03281524306587258
0.014954111637380585
0.08845537388910785
0.030632212288574046
0.0074344890354183235
0.011931983253873568
0.1531321510555239
0.13385392140691366
0.06491128143528702
0.19185796177134762
0.05379205140947918
0.09341000563850699
0.02817092720249903
0.03118984221026211
0.011102672037404615
0.13962564729908777
0.20645344377652552
0.018463085100730803
0.012540778277338183
0.08425523729073703
0.18157638597660597
0.006758446836179266
0.010000588902560281
0.3544123442275158
0.08297891245598876
0.15947201013311574
0.006465260661091321
0.007176495109373848
0.03248299492347706
0.0365215569802082
0.07741426102834126
0.037104408260347554
0.44991558693485345
0.22384521714917582
0.27920631217145697
0.14097864780298153
0.06975956992796828
0.5802915276049172
0.0053954069387245895
0.08467975616339629
0.1448160547226962
0.04940766779151318
0.03980725793964113
0.007122232877154744
0.09520104283537023
0.07203853522247528
0.09494842889325472
0.025294604480397
0.017568720653110326
0.05635770360057912
0.06566511333409153
0.037423861033531125
0.12707986193233012
0.014084958388669355
0.007549941517627445
0.35801525486187646
0.08425530649592261
0.0009152583558369766
0.5023934939982269
0.006840712048017394
0.058332451440548994
0.0017403373313165105
0.028760443391547597
0.0037922379980417364
0.02892400510291182
0.04042878964725105
0.07433269407192711
0.02044437392985632
0.007514248211183627
0.06704781498774537
0.02995294073983601
0.048776824668493646
0.1328918312441516
0.0057688456520645914
0.0007247511903484029
0.32377596321848134
0.0025758342250426502
0.012584123846441031
0.059053707718263126
0.13028782350380652
0.010695416804399116
0.13936651947716783
0.12373058983042995
0.1662578837206219
0.1266122203070532
0.00724225264727707
0.3825691551900299
0.028656296058706454
0.011009264833417076
0.15934295536598952
0.018619901807287675
0.0008241242237581048
0.021889712085695123
0.156692670984385
0.31129485570108173
0.0022838896395498964
0.007295641738110703
0.04076515254587321
0.016600897394355663
0.005633517447351188
0.021252111679359587
0.030426702672286865
0.08611848098255681
0.22428445496922222
0.17485685629652892
0.0062189759467493055
0.5546691987858345
0.21845352430114318
0.2542073436295347
0.05239780932697613
0.00989772824141305
0.039918854900534484
0.004904698162363275
0.04538331542841534
0.009522193891786879
0.027426578487066422
0.1356244024845097
0.06112597789787544
0.014118209324820441
0.08487340029137513
0.0950434436630454
0.010466824240129569
0.011072118068341297
0.03394808341002786
0.07217374873386007
0.23088636251060635
0.3335873703151302
0.011751151662110715
0.0007982244439464076
0.017333170506228734
0.007517937769549121
0.0125990522899464
0.0838824271164107
0.3557353615760803
0.07720898724700476
0.002954924390556349
0.12973969445334887
0.0467472829018476
0.054783464817408145
0.04182944912089681
0.023906070057137185
0.014506148664226226
0.02467621265385933
0.0027864239432915383
0.33225452978573244
0.013448256504521083
0.0004983993783049812
0.036421631167655955
0.028023080121229782
0.04928982362402223
0.01579695306332951
0.06362602601456846
0.12848236127958845
0.006962310409182104
0.04010885959372956
0.00795448641961466
0.0063464560739170395
0.18030720843044268
0.002160639400794487
0.039279478362264086
0.03153954630562694
0.025892242428998458
0.1013408321864242
0.37584117204133705
0.021372732413599493
0.14648928471957845
0.02372589127084268
0.344988927560852
0.2683941599697306
0.43853734305984293
0.004774521691743028
0.3165398381063369
0.12359329966657029
0.004861490340624164
0.039314724668146006
0.06693783268097864
0.02494540613207108
0.001235291452758247
0.0019418186583521901
0.06915361302222678
0.016155301623573592
0.05126552389726058
0.05293450641489983
0.025793951174136964
0.13507176423516754
0.3964856150848881
0.030432858000551732
0.00161940698462483
0.20616254323846306
0.12096547332575724
0.026614260566796055
0.18877324291958075
0.03193393499856256
0.1569361864295935
0.018541810284089744
0.15294307067296486
0.05727335393395894
0.09239151581256522
0.11604276237835975
0.002214184811023756
0.022267886132794956
0.19136817942639084
0.29466983416028825
0.018830087749165614
0.018242953869532563
0.050871866308416225
0.08292487088454337
0.06163340806786355
0.28994072964911766
0.005627627083359954
0.06656403912163356
0.08481381529182741
0.004791368036890731
0.22333029379737823
0.016955493249270148
0.2572422896510176
0.030624545218248755
0.07831125540576878
0.19972020505676724
0.004510507019151788
0.0072327804281293595
0.0026057807210690953
0.05033783267231229
0.001395726000087194
0.03895576105614751
0.11285072008674035
0.022860208781187774
0.09043709290205015
0.15122340069888196
0.039045433009107455
0.025474301901390328
0.08708976386060385
0.0987516341723591
0.04246607561086435
0.006594457006148247
0.017266552383773615
0.16248145211888243
0.33285130419704956
0.1707370648574944
0.007164690777731408
0.13006550113638937
0.00503913210615764
0.09336009773292986
0.10406384242322986
0.040801083160077134
0.5269796514190626
0.159320043671344
0.016123929668808934
0.004488888406016578
0.07183061698512816
0.015110284138162067
0.03847101308929268
0.024688395541719643
0.09696559592440313
0.402949381104599
0.06791239138903027
0.012159583210632263
0.001446122119852511
0.014877959927250828
0.1233221086071703
0.02059829339456365
0.08837572541011696
0.15654177551438408
0.01457133948883893
0.011260087721511935
0.030878306123227617
0.11142308857970207
0.034288721653755516
0.04899567046891562
0.2458857506426284
0.03914629271494974
0.03504788298647554
0.002892700396927697
0.004198911794649263
0.015330668994940011
0.2441774902465319
0.10574573060683523
0.00846927747568671
0.27844899178616345
0.0031838543613953996
0.017418264647460546
0.0027138513445699175
0.036535785491985884
0.10628002554318527
0.009473698212048909
0.006674826234359443
0.5097163160031073
0.05585540583732396
0.1768458245748059
0.011416836144922948
0.01745791870891722
0.15202342677898528
0.07938144669437097
0.08455127978394117
0.42778856593237435
0.010852573727802906
0.025731574267013002
0.08460099429459333
0.028171907618812497
0.1923613885861961
0.003109508706946651
0.0007811019225165694
0.13343346449704896
0.02720670273872039
0.220241792434539
0.01897132682258018
0.02727382906643072
0.005724704718218732
0.011621869564123699
0.15381288655659375
0.23017073577284464
0.3050105088050259
0.024349066903816885
0.12447975063603067
0.2502283677198216
0.0630607759687587
0.05034504095271419
0.017255647788836592
0.31118871256055414
0.0005655448061259484
0.007216082250810274
0.2351431817284686
0.2565938828710479
0.0017900957050756006
0.025168000906038657
0.04151474842116443
0.01629395761089203
0.019997409896920004
0.08002209385080139
0.008598315508237031
0.22470214097143426
0.30525369188129403
0.06391856273245367
0.08180633840229135
0.0662531828766646
0.03954927818208276
0.026720190191781512
0.09142605607540677
0.006549393893010347
0.04298823897820747
0.0356269220629466
0.1668586036279729
0.5671481752587084
0.06697470965741914
0.025747199670863807
0.008140026955484603
0.004111009689571399
0.21728366750608163
0.011959422631107941
0.0012926000073640864
0.0041635670646764655
0.01188715604419266
0.015492197394204377
0.026301871177793146
0.03052825667530379
0.002479865722818886
0.2687918156392408
0.05948828629698255
0.12210217521615974
0.1480684383134303
0.0019310909569050239
0.011651451243889499
0.08725615587670266
0.14871252853141925
0.0162961108595141
0.1636819837958683
0.05787662489254686
0.16381818741584286
0.0333313353398792
0.015270596967638994
0.5421570319368394
0.003605724605964866
0.010548562270344064
0.006172226489725097
0.013145007725142932
0.16908778216845022
0.10784457384207613
0.009246145621242485
0.006345981244496812
0.004198286121791739
0.014325805136914449
0.09035340363314859
0.06831325038371006
0.026781899988893798
0.09202221791616694
0.17608602783755956
0.17272603685904997
0.025921925556815495
0.07071107592440118
0.04625944185230324
0.07423030167450495
0.17619714716546753
0.0028690331487837284
0.000481415190410759
0.08870554068438707
0.025239353882719806
0.09463024093798822
0.2323377264390878
0.027123444900896354
0.016911871705417525
0.0004997047830125473
0.0069282778260379985
0.07333586522726421
0.010258442071521046
0.12110075723530045
0.01522328759166669
0.4076703444625309
0.2510989437731759
0.014614267555121074
0.0057633826799907695
0.07537453919235304
0.015674122973464932
0.14399310859034475
0.08874481319458027
0.010444346888792921
0.0032498078008470627
0.09668166186716931
0.015907438674572782
0.3671150863189645
0.022858879533519172
0.07291053116205237
0.002885463103760935
0.1231380428407789
0.18605566880711777
0.03096150360378047
0.06554932782597689
0.06410738491067125
0.0664388595744505
0.02415082050206152
0.023228544826285003
0.00467381909317055
0.00549587752057179
0.006277196222882253
0.0033353070774213567
0.00438485755354634
0.0007094358520776667
0.008673559093273164
0.08409475778165998
0.002838116502775989
0.48704618635042607
0.00035223277072227513
0.005036732274575684
0.013904348899259844
0.045183558195610596
0.07605514662347801
0.021807762629580063
0.25906668369902164
0.140072070762276
0.06506601143215462
0.011035783756913276
0.23867400448469667
0.040714527494856156
0.14282787522917317
0.2761937891296071
0.01461827412927974
0.01692080241042504
0.15064923017643483
0.11582729118949775
0.013491857334689217
0.10018851730961842
0.0954873084337784
0.028262544646878718
0.15774941217273764
0.4751636620600408
0.0009659816896601114
0.004544034728045432
0.0006572665066109096
0.005813032272651564
